/*--------------------------------*- C++ -*----------------------------------*\
  =========                 |
  \\      /  F ield         | OpenFOAM: The Open Source CFD Toolbox
   \\    /   O peration     | Website:  https://openfoam.org
    \\  /    A nd           | Version:  7
     \\/     M anipulation  |
\*---------------------------------------------------------------------------*/

profileCyl
{
	type            sets;
	libs            ("libsampling.so");

	fields               (T mag(grad(T)));
	interpolationScheme  cellPoint;
	setFormat            raw;
	writeControl         runTime;
	writeInterval        100;
	
	probeLocations
	(
		(0.000000 -0.100000 0.0)
		(0.001047 -0.099995 0.0)
		(0.002094 -0.099978 0.0)
		(0.003141 -0.099951 0.0)
		(0.004188 -0.099912 0.0)
		(0.005234 -0.099863 0.0)
		(0.006279 -0.099803 0.0)
		(0.007324 -0.099731 0.0)
		(0.008368 -0.099649 0.0)
		(0.009411 -0.099556 0.0)
		(0.010453 -0.099452 0.0)
		(0.011494 -0.099337 0.0)
		(0.012533 -0.099211 0.0)
		(0.013572 -0.099075 0.0)
		(0.014608 -0.098927 0.0)
		(0.015643 -0.098769 0.0)
		(0.016677 -0.098600 0.0)
		(0.017708 -0.098420 0.0)
		(0.018738 -0.098229 0.0)
		(0.019766 -0.098027 0.0)
		(0.020791 -0.097815 0.0)
		(0.021814 -0.097592 0.0)
		(0.022835 -0.097358 0.0)
		(0.023853 -0.097113 0.0)
		(0.024869 -0.096858 0.0)
		(0.025882 -0.096593 0.0)
		(0.026892 -0.096316 0.0)
		(0.027899 -0.096029 0.0)
		(0.028903 -0.095732 0.0)
		(0.029904 -0.095424 0.0)
		(0.030902 -0.095106 0.0)
		(0.031896 -0.094777 0.0)
		(0.032887 -0.094438 0.0)
		(0.033874 -0.094088 0.0)
		(0.034857 -0.093728 0.0)
		(0.035837 -0.093358 0.0)
		(0.036812 -0.092978 0.0)
		(0.037784 -0.092587 0.0)
		(0.038752 -0.092186 0.0)
		(0.039715 -0.091775 0.0)
		(0.040674 -0.091355 0.0)
		(0.041628 -0.090924 0.0)
		(0.042578 -0.090483 0.0)
		(0.043523 -0.090032 0.0)
		(0.044464 -0.089571 0.0)
		(0.045399 -0.089101 0.0)
		(0.046330 -0.088620 0.0)
		(0.047255 -0.088130 0.0)
		(0.048175 -0.087631 0.0)
		(0.049090 -0.087121 0.0)
		(0.050000 -0.086603 0.0)
		(0.050904 -0.086074 0.0)
		(0.051803 -0.085536 0.0)
		(0.052696 -0.084989 0.0)
		(0.053583 -0.084433 0.0)
		(0.054464 -0.083867 0.0)
		(0.055339 -0.083292 0.0)
		(0.056208 -0.082708 0.0)
		(0.057071 -0.082115 0.0)
		(0.057928 -0.081513 0.0)
		(0.058779 -0.080902 0.0)
		(0.059622 -0.080282 0.0)
		(0.060460 -0.079653 0.0)
		(0.061291 -0.079016 0.0)
		(0.062115 -0.078369 0.0)
		(0.062932 -0.077715 0.0)
		(0.063742 -0.077051 0.0)
		(0.064546 -0.076380 0.0)
		(0.065342 -0.075700 0.0)
		(0.066131 -0.075011 0.0)
		(0.066913 -0.074314 0.0)
		(0.067688 -0.073610 0.0)
		(0.068455 -0.072897 0.0)
		(0.069214 -0.072176 0.0)
		(0.069966 -0.071447 0.0)
		(0.070711 -0.070711 0.0)
		(0.071447 -0.069966 0.0)
		(0.072176 -0.069214 0.0)
		(0.072897 -0.068455 0.0)
		(0.073610 -0.067688 0.0)
		(0.074314 -0.066913 0.0)
		(0.075011 -0.066131 0.0)
		(0.075700 -0.065342 0.0)
		(0.076380 -0.064546 0.0)
		(0.077051 -0.063742 0.0)
		(0.077715 -0.062932 0.0)
		(0.078369 -0.062115 0.0)
		(0.079016 -0.061291 0.0)
		(0.079653 -0.060460 0.0)
		(0.080282 -0.059622 0.0)
		(0.080902 -0.058779 0.0)
		(0.081513 -0.057928 0.0)
		(0.082115 -0.057071 0.0)
		(0.082708 -0.056208 0.0)
		(0.083292 -0.055339 0.0)
		(0.083867 -0.054464 0.0)
		(0.084433 -0.053583 0.0)
		(0.084989 -0.052696 0.0)
		(0.085536 -0.051803 0.0)
		(0.086074 -0.050904 0.0)
		(0.086603 -0.050000 0.0)
		(0.087121 -0.049090 0.0)
		(0.087631 -0.048175 0.0)
		(0.088130 -0.047255 0.0)
		(0.088620 -0.046330 0.0)
		(0.089101 -0.045399 0.0)
		(0.089571 -0.044464 0.0)
		(0.090032 -0.043523 0.0)
		(0.090483 -0.042578 0.0)
		(0.090924 -0.041628 0.0)
		(0.091355 -0.040674 0.0)
		(0.091775 -0.039715 0.0)
		(0.092186 -0.038752 0.0)
		(0.092587 -0.037784 0.0)
		(0.092978 -0.036812 0.0)
		(0.093358 -0.035837 0.0)
		(0.093728 -0.034857 0.0)
		(0.094088 -0.033874 0.0)
		(0.094438 -0.032887 0.0)
		(0.094777 -0.031896 0.0)
		(0.095106 -0.030902 0.0)
		(0.095424 -0.029904 0.0)
		(0.095732 -0.028903 0.0)
		(0.096029 -0.027899 0.0)
		(0.096316 -0.026892 0.0)
		(0.096593 -0.025882 0.0)
		(0.096858 -0.024869 0.0)
		(0.097113 -0.023853 0.0)
		(0.097358 -0.022835 0.0)
		(0.097592 -0.021814 0.0)
		(0.097815 -0.020791 0.0)
		(0.098027 -0.019766 0.0)
		(0.098229 -0.018738 0.0)
		(0.098420 -0.017708 0.0)
		(0.098600 -0.016677 0.0)
		(0.098769 -0.015643 0.0)
		(0.098927 -0.014608 0.0)
		(0.099075 -0.013572 0.0)
		(0.099211 -0.012533 0.0)
		(0.099337 -0.011494 0.0)
		(0.099452 -0.010453 0.0)
		(0.099556 -0.009411 0.0)
		(0.099649 -0.008368 0.0)
		(0.099731 -0.007324 0.0)
		(0.099803 -0.006279 0.0)
		(0.099863 -0.005234 0.0)
		(0.099912 -0.004188 0.0)
		(0.099951 -0.003141 0.0)
		(0.099978 -0.002094 0.0)
		(0.099995 -0.001047 0.0)
		(0.100000 -0.000000 0.0)
		(0.099995 0.001047 0.0)
		(0.099978 0.002094 0.0)
		(0.099951 0.003141 0.0)
		(0.099912 0.004188 0.0)
		(0.099863 0.005234 0.0)
		(0.099803 0.006279 0.0)
		(0.099731 0.007324 0.0)
		(0.099649 0.008368 0.0)
		(0.099556 0.009411 0.0)
		(0.099452 0.010453 0.0)
		(0.099337 0.011494 0.0)
		(0.099211 0.012533 0.0)
		(0.099075 0.013572 0.0)
		(0.098927 0.014608 0.0)
		(0.098769 0.015643 0.0)
		(0.098600 0.016677 0.0)
		(0.098420 0.017708 0.0)
		(0.098229 0.018738 0.0)
		(0.098027 0.019766 0.0)
		(0.097815 0.020791 0.0)
		(0.097592 0.021814 0.0)
		(0.097358 0.022835 0.0)
		(0.097113 0.023853 0.0)
		(0.096858 0.024869 0.0)
		(0.096593 0.025882 0.0)
		(0.096316 0.026892 0.0)
		(0.096029 0.027899 0.0)
		(0.095732 0.028903 0.0)
		(0.095424 0.029904 0.0)
		(0.095106 0.030902 0.0)
		(0.094777 0.031896 0.0)
		(0.094438 0.032887 0.0)
		(0.094088 0.033874 0.0)
		(0.093728 0.034857 0.0)
		(0.093358 0.035837 0.0)
		(0.092978 0.036812 0.0)
		(0.092587 0.037784 0.0)
		(0.092186 0.038752 0.0)
		(0.091775 0.039715 0.0)
		(0.091355 0.040674 0.0)
		(0.090924 0.041628 0.0)
		(0.090483 0.042578 0.0)
		(0.090032 0.043523 0.0)
		(0.089571 0.044464 0.0)
		(0.089101 0.045399 0.0)
		(0.088620 0.046330 0.0)
		(0.088130 0.047255 0.0)
		(0.087631 0.048175 0.0)
		(0.087121 0.049090 0.0)
		(0.086603 0.050000 0.0)
		(0.086074 0.050904 0.0)
		(0.085536 0.051803 0.0)
		(0.084989 0.052696 0.0)
		(0.084433 0.053583 0.0)
		(0.083867 0.054464 0.0)
		(0.083292 0.055339 0.0)
		(0.082708 0.056208 0.0)
		(0.082115 0.057071 0.0)
		(0.081513 0.057928 0.0)
		(0.080902 0.058779 0.0)
		(0.080282 0.059622 0.0)
		(0.079653 0.060460 0.0)
		(0.079016 0.061291 0.0)
		(0.078369 0.062115 0.0)
		(0.077715 0.062932 0.0)
		(0.077051 0.063742 0.0)
		(0.076380 0.064546 0.0)
		(0.075700 0.065342 0.0)
		(0.075011 0.066131 0.0)
		(0.074314 0.066913 0.0)
		(0.073610 0.067688 0.0)
		(0.072897 0.068455 0.0)
		(0.072176 0.069214 0.0)
		(0.071447 0.069966 0.0)
		(0.070711 0.070711 0.0)
		(0.069966 0.071447 0.0)
		(0.069214 0.072176 0.0)
		(0.068455 0.072897 0.0)
		(0.067688 0.073610 0.0)
		(0.066913 0.074314 0.0)
		(0.066131 0.075011 0.0)
		(0.065342 0.075700 0.0)
		(0.064546 0.076380 0.0)
		(0.063742 0.077051 0.0)
		(0.062932 0.077715 0.0)
		(0.062115 0.078369 0.0)
		(0.061291 0.079016 0.0)
		(0.060460 0.079653 0.0)
		(0.059622 0.080282 0.0)
		(0.058779 0.080902 0.0)
		(0.057928 0.081513 0.0)
		(0.057071 0.082115 0.0)
		(0.056208 0.082708 0.0)
		(0.055339 0.083292 0.0)
		(0.054464 0.083867 0.0)
		(0.053583 0.084433 0.0)
		(0.052696 0.084989 0.0)
		(0.051803 0.085536 0.0)
		(0.050904 0.086074 0.0)
		(0.050000 0.086603 0.0)
		(0.049090 0.087121 0.0)
		(0.048175 0.087631 0.0)
		(0.047255 0.088130 0.0)
		(0.046330 0.088620 0.0)
		(0.045399 0.089101 0.0)
		(0.044464 0.089571 0.0)
		(0.043523 0.090032 0.0)
		(0.042578 0.090483 0.0)
		(0.041628 0.090924 0.0)
		(0.040674 0.091355 0.0)
		(0.039715 0.091775 0.0)
		(0.038752 0.092186 0.0)
		(0.037784 0.092587 0.0)
		(0.036812 0.092978 0.0)
		(0.035837 0.093358 0.0)
		(0.034857 0.093728 0.0)
		(0.033874 0.094088 0.0)
		(0.032887 0.094438 0.0)
		(0.031896 0.094777 0.0)
		(0.030902 0.095106 0.0)
		(0.029904 0.095424 0.0)
		(0.028903 0.095732 0.0)
		(0.027899 0.096029 0.0)
		(0.026892 0.096316 0.0)
		(0.025882 0.096593 0.0)
		(0.024869 0.096858 0.0)
		(0.023853 0.097113 0.0)
		(0.022835 0.097358 0.0)
		(0.021814 0.097592 0.0)
		(0.020791 0.097815 0.0)
		(0.019766 0.098027 0.0)
		(0.018738 0.098229 0.0)
		(0.017708 0.098420 0.0)
		(0.016677 0.098600 0.0)
		(0.015643 0.098769 0.0)
		(0.014608 0.098927 0.0)
		(0.013572 0.099075 0.0)
		(0.012533 0.099211 0.0)
		(0.011494 0.099337 0.0)
		(0.010453 0.099452 0.0)
		(0.009411 0.099556 0.0)
		(0.008368 0.099649 0.0)
		(0.007324 0.099731 0.0)
		(0.006279 0.099803 0.0)
		(0.005234 0.099863 0.0)
		(0.004188 0.099912 0.0)
		(0.003141 0.099951 0.0)
		(0.002094 0.099978 0.0)
		(0.001047 0.099995 0.0)
		(0.000000 0.100000 0.0)
		(-0.001047 0.099995 0.0)
		(-0.002094 0.099978 0.0)
		(-0.003141 0.099951 0.0)
		(-0.004188 0.099912 0.0)
		(-0.005234 0.099863 0.0)
		(-0.006279 0.099803 0.0)
		(-0.007324 0.099731 0.0)
		(-0.008368 0.099649 0.0)
		(-0.009411 0.099556 0.0)
		(-0.010453 0.099452 0.0)
		(-0.011494 0.099337 0.0)
		(-0.012533 0.099211 0.0)
		(-0.013572 0.099075 0.0)
		(-0.014608 0.098927 0.0)
		(-0.015643 0.098769 0.0)
		(-0.016677 0.098600 0.0)
		(-0.017708 0.098420 0.0)
		(-0.018738 0.098229 0.0)
		(-0.019766 0.098027 0.0)
		(-0.020791 0.097815 0.0)
		(-0.021814 0.097592 0.0)
		(-0.022835 0.097358 0.0)
		(-0.023853 0.097113 0.0)
		(-0.024869 0.096858 0.0)
		(-0.025882 0.096593 0.0)
		(-0.026892 0.096316 0.0)
		(-0.027899 0.096029 0.0)
		(-0.028903 0.095732 0.0)
		(-0.029904 0.095424 0.0)
		(-0.030902 0.095106 0.0)
		(-0.031896 0.094777 0.0)
		(-0.032887 0.094438 0.0)
		(-0.033874 0.094088 0.0)
		(-0.034857 0.093728 0.0)
		(-0.035837 0.093358 0.0)
		(-0.036812 0.092978 0.0)
		(-0.037784 0.092587 0.0)
		(-0.038752 0.092186 0.0)
		(-0.039715 0.091775 0.0)
		(-0.040674 0.091355 0.0)
		(-0.041628 0.090924 0.0)
		(-0.042578 0.090483 0.0)
		(-0.043523 0.090032 0.0)
		(-0.044464 0.089571 0.0)
		(-0.045399 0.089101 0.0)
		(-0.046330 0.088620 0.0)
		(-0.047255 0.088130 0.0)
		(-0.048175 0.087631 0.0)
		(-0.049090 0.087121 0.0)
		(-0.050000 0.086603 0.0)
		(-0.050904 0.086074 0.0)
		(-0.051803 0.085536 0.0)
		(-0.052696 0.084989 0.0)
		(-0.053583 0.084433 0.0)
		(-0.054464 0.083867 0.0)
		(-0.055339 0.083292 0.0)
		(-0.056208 0.082708 0.0)
		(-0.057071 0.082115 0.0)
		(-0.057928 0.081513 0.0)
		(-0.058779 0.080902 0.0)
		(-0.059622 0.080282 0.0)
		(-0.060460 0.079653 0.0)
		(-0.061291 0.079016 0.0)
		(-0.062115 0.078369 0.0)
		(-0.062932 0.077715 0.0)
		(-0.063742 0.077051 0.0)
		(-0.064546 0.076380 0.0)
		(-0.065342 0.075700 0.0)
		(-0.066131 0.075011 0.0)
		(-0.066913 0.074314 0.0)
		(-0.067688 0.073610 0.0)
		(-0.068455 0.072897 0.0)
		(-0.069214 0.072176 0.0)
		(-0.069966 0.071447 0.0)
		(-0.070711 0.070711 0.0)
		(-0.071447 0.069966 0.0)
		(-0.072176 0.069214 0.0)
		(-0.072897 0.068455 0.0)
		(-0.073610 0.067688 0.0)
		(-0.074314 0.066913 0.0)
		(-0.075011 0.066131 0.0)
		(-0.075700 0.065342 0.0)
		(-0.076380 0.064546 0.0)
		(-0.077051 0.063742 0.0)
		(-0.077715 0.062932 0.0)
		(-0.078369 0.062115 0.0)
		(-0.079016 0.061291 0.0)
		(-0.079653 0.060460 0.0)
		(-0.080282 0.059622 0.0)
		(-0.080902 0.058779 0.0)
		(-0.081513 0.057928 0.0)
		(-0.082115 0.057071 0.0)
		(-0.082708 0.056208 0.0)
		(-0.083292 0.055339 0.0)
		(-0.083867 0.054464 0.0)
		(-0.084433 0.053583 0.0)
		(-0.084989 0.052696 0.0)
		(-0.085536 0.051803 0.0)
		(-0.086074 0.050904 0.0)
		(-0.086603 0.050000 0.0)
		(-0.087121 0.049090 0.0)
		(-0.087631 0.048175 0.0)
		(-0.088130 0.047255 0.0)
		(-0.088620 0.046330 0.0)
		(-0.089101 0.045399 0.0)
		(-0.089571 0.044464 0.0)
		(-0.090032 0.043523 0.0)
		(-0.090483 0.042578 0.0)
		(-0.090924 0.041628 0.0)
		(-0.091355 0.040674 0.0)
		(-0.091775 0.039715 0.0)
		(-0.092186 0.038752 0.0)
		(-0.092587 0.037784 0.0)
		(-0.092978 0.036812 0.0)
		(-0.093358 0.035837 0.0)
		(-0.093728 0.034857 0.0)
		(-0.094088 0.033874 0.0)
		(-0.094438 0.032887 0.0)
		(-0.094777 0.031896 0.0)
		(-0.095106 0.030902 0.0)
		(-0.095424 0.029904 0.0)
		(-0.095732 0.028903 0.0)
		(-0.096029 0.027899 0.0)
		(-0.096316 0.026892 0.0)
		(-0.096593 0.025882 0.0)
		(-0.096858 0.024869 0.0)
		(-0.097113 0.023853 0.0)
		(-0.097358 0.022835 0.0)
		(-0.097592 0.021814 0.0)
		(-0.097815 0.020791 0.0)
		(-0.098027 0.019766 0.0)
		(-0.098229 0.018738 0.0)
		(-0.098420 0.017708 0.0)
		(-0.098600 0.016677 0.0)
		(-0.098769 0.015643 0.0)
		(-0.098927 0.014608 0.0)
		(-0.099075 0.013572 0.0)
		(-0.099211 0.012533 0.0)
		(-0.099337 0.011494 0.0)
		(-0.099452 0.010453 0.0)
		(-0.099556 0.009411 0.0)
		(-0.099649 0.008368 0.0)
		(-0.099731 0.007324 0.0)
		(-0.099803 0.006279 0.0)
		(-0.099863 0.005234 0.0)
		(-0.099912 0.004188 0.0)
		(-0.099951 0.003141 0.0)
		(-0.099978 0.002094 0.0)
		(-0.099995 0.001047 0.0)
		(-0.100000 0.000000 0.0)
		(-0.099995 -0.001047 0.0)
		(-0.099978 -0.002094 0.0)
		(-0.099951 -0.003141 0.0)
		(-0.099912 -0.004188 0.0)
		(-0.099863 -0.005234 0.0)
		(-0.099803 -0.006279 0.0)
		(-0.099731 -0.007324 0.0)
		(-0.099649 -0.008368 0.0)
		(-0.099556 -0.009411 0.0)
		(-0.099452 -0.010453 0.0)
		(-0.099337 -0.011494 0.0)
		(-0.099211 -0.012533 0.0)
		(-0.099075 -0.013572 0.0)
		(-0.098927 -0.014608 0.0)
		(-0.098769 -0.015643 0.0)
		(-0.098600 -0.016677 0.0)
		(-0.098420 -0.017708 0.0)
		(-0.098229 -0.018738 0.0)
		(-0.098027 -0.019766 0.0)
		(-0.097815 -0.020791 0.0)
		(-0.097592 -0.021814 0.0)
		(-0.097358 -0.022835 0.0)
		(-0.097113 -0.023853 0.0)
		(-0.096858 -0.024869 0.0)
		(-0.096593 -0.025882 0.0)
		(-0.096316 -0.026892 0.0)
		(-0.096029 -0.027899 0.0)
		(-0.095732 -0.028903 0.0)
		(-0.095424 -0.029904 0.0)
		(-0.095106 -0.030902 0.0)
		(-0.094777 -0.031896 0.0)
		(-0.094438 -0.032887 0.0)
		(-0.094088 -0.033874 0.0)
		(-0.093728 -0.034857 0.0)
		(-0.093358 -0.035837 0.0)
		(-0.092978 -0.036812 0.0)
		(-0.092587 -0.037784 0.0)
		(-0.092186 -0.038752 0.0)
		(-0.091775 -0.039715 0.0)
		(-0.091355 -0.040674 0.0)
		(-0.090924 -0.041628 0.0)
		(-0.090483 -0.042578 0.0)
		(-0.090032 -0.043523 0.0)
		(-0.089571 -0.044464 0.0)
		(-0.089101 -0.045399 0.0)
		(-0.088620 -0.046330 0.0)
		(-0.088130 -0.047255 0.0)
		(-0.087631 -0.048175 0.0)
		(-0.087121 -0.049090 0.0)
		(-0.086603 -0.050000 0.0)
		(-0.086074 -0.050904 0.0)
		(-0.085536 -0.051803 0.0)
		(-0.084989 -0.052696 0.0)
		(-0.084433 -0.053583 0.0)
		(-0.083867 -0.054464 0.0)
		(-0.083292 -0.055339 0.0)
		(-0.082708 -0.056208 0.0)
		(-0.082115 -0.057071 0.0)
		(-0.081513 -0.057928 0.0)
		(-0.080902 -0.058779 0.0)
		(-0.080282 -0.059622 0.0)
		(-0.079653 -0.060460 0.0)
		(-0.079016 -0.061291 0.0)
		(-0.078369 -0.062115 0.0)
		(-0.077715 -0.062932 0.0)
		(-0.077051 -0.063742 0.0)
		(-0.076380 -0.064546 0.0)
		(-0.075700 -0.065342 0.0)
		(-0.075011 -0.066131 0.0)
		(-0.074314 -0.066913 0.0)
		(-0.073610 -0.067688 0.0)
		(-0.072897 -0.068455 0.0)
		(-0.072176 -0.069214 0.0)
		(-0.071447 -0.069966 0.0)
		(-0.070711 -0.070711 0.0)
		(-0.069966 -0.071447 0.0)
		(-0.069214 -0.072176 0.0)
		(-0.068455 -0.072897 0.0)
		(-0.067688 -0.073610 0.0)
		(-0.066913 -0.074314 0.0)
		(-0.066131 -0.075011 0.0)
		(-0.065342 -0.075700 0.0)
		(-0.064546 -0.076380 0.0)
		(-0.063742 -0.077051 0.0)
		(-0.062932 -0.077715 0.0)
		(-0.062115 -0.078369 0.0)
		(-0.061291 -0.079016 0.0)
		(-0.060460 -0.079653 0.0)
		(-0.059622 -0.080282 0.0)
		(-0.058779 -0.080902 0.0)
		(-0.057928 -0.081513 0.0)
		(-0.057071 -0.082115 0.0)
		(-0.056208 -0.082708 0.0)
		(-0.055339 -0.083292 0.0)
		(-0.054464 -0.083867 0.0)
		(-0.053583 -0.084433 0.0)
		(-0.052696 -0.084989 0.0)
		(-0.051803 -0.085536 0.0)
		(-0.050904 -0.086074 0.0)
		(-0.050000 -0.086603 0.0)
		(-0.049090 -0.087121 0.0)
		(-0.048175 -0.087631 0.0)
		(-0.047255 -0.088130 0.0)
		(-0.046330 -0.088620 0.0)
		(-0.045399 -0.089101 0.0)
		(-0.044464 -0.089571 0.0)
		(-0.043523 -0.090032 0.0)
		(-0.042578 -0.090483 0.0)
		(-0.041628 -0.090924 0.0)
		(-0.040674 -0.091355 0.0)
		(-0.039715 -0.091775 0.0)
		(-0.038752 -0.092186 0.0)
		(-0.037784 -0.092587 0.0)
		(-0.036812 -0.092978 0.0)
		(-0.035837 -0.093358 0.0)
		(-0.034857 -0.093728 0.0)
		(-0.033874 -0.094088 0.0)
		(-0.032887 -0.094438 0.0)
		(-0.031896 -0.094777 0.0)
		(-0.030902 -0.095106 0.0)
		(-0.029904 -0.095424 0.0)
		(-0.028903 -0.095732 0.0)
		(-0.027899 -0.096029 0.0)
		(-0.026892 -0.096316 0.0)
		(-0.025882 -0.096593 0.0)
		(-0.024869 -0.096858 0.0)
		(-0.023853 -0.097113 0.0)
		(-0.022835 -0.097358 0.0)
		(-0.021814 -0.097592 0.0)
		(-0.020791 -0.097815 0.0)
		(-0.019766 -0.098027 0.0)
		(-0.018738 -0.098229 0.0)
		(-0.017708 -0.098420 0.0)
		(-0.016677 -0.098600 0.0)
		(-0.015643 -0.098769 0.0)
		(-0.014608 -0.098927 0.0)
		(-0.013572 -0.099075 0.0)
		(-0.012533 -0.099211 0.0)
		(-0.011494 -0.099337 0.0)
		(-0.010453 -0.099452 0.0)
		(-0.009411 -0.099556 0.0)
		(-0.008368 -0.099649 0.0)
		(-0.007324 -0.099731 0.0)
		(-0.006279 -0.099803 0.0)
		(-0.005234 -0.099863 0.0)
		(-0.004188 -0.099912 0.0)
		(-0.003141 -0.099951 0.0)
		(-0.002094 -0.099978 0.0)
		(-0.001047 -0.099995 0.0)
	);

	sets
	(
	 line
	 {
		  type        boundaryPoints;
		  axis        xyz;
		  points      $probeLocations;
		  maxDistance 0.01;
		  patches     ("cylinder");
	 }
	);
}
